0  0,998318195648253
1  0,998317513719597
2  0,998316831238561
3  0,998316148204475
4  0,998315464616668
5  0,998314780474466
6  0,998314095777196
7  0,998313410524183
8  0,99831272471475
9  0,99831203834822
10  0,998311351423915
11  0,998310663941156
12  0,998309975899262
13  0,998309287297552
14  0,998308598135341
15  0,998307908411948
16  0,998307218126687
17  0,998306527278871
18  0,998305835867815
19  0,998305143892828
20  0,998304451353222
21  0,998303758248306
22  0,998303064577389
23  0,998302370339778
24  0,998301675534779
25  0,998300980161697
26  0,998300284219835
27  0,998299587708496
28  0,998298890626982
29  0,998298192974594
30  0,99829749475063
31  0,998296795954388
32  0,998296096585166
33  0,998295396642259
34  0,998294696124961
35  0,998293995032567
36  0,998293293364369
37  0,998292591119658
38  0,998291888297723
39  0,998291184897854
40  0,998290480919339
41  0,998289776361463
42  0,998289071223512
43  0,998288365504771
44  0,998287659204522
45  0,998286952322047
46  0,998286244856626
47  0,998285536807539
48  0,998284828174065
49  0,998284118955481
50  0,998283409151061
51  0,998282698760081
52  0,998281987781815
53  0,998281276215534
54  0,99828056406051
55  0,998279851316013
56  0,99827913798131
57  0,99827842405567
58  0,998277709538359
59  0,998276994428642
60  0,998276278725783
61  0,998275562429043
62  0,998274845537686
63  0,99827412805097
64  0,998273409968155
65  0,998272691288498
66  0,998271972011255
67  0,998271252135683
68  0,998270531661035
69  0,998269810586563
70  0,99826908891152
71  0,998268366635155
72  0,998267643756717
73  0,998266920275455
74  0,998266196190614
75  0,99826547150144
76  0,998264746207177
77  0,998264020307068
78  0,998263293800354
79  0,998262566686275
80  0,99826183896407
81  0,998261110632977
82  0,998260381692232
83  0,998259652141071
84  0,998258921978727
85  0,998258191204432
86  0,998257459817419
87  0,998256727816916
88  0,998255995202153
89  0,998255261972357
90  0,998254528126755
91  0,99825379366457
92  0,998253058585027
93  0,998252322887347
94  0,998251586570752
95  0,998250849634461
96  0,998250112077692
97  0,998249373899663
98  0,998248635099588
99  0,998247895676683
100  0,99824715563016
101  0,998246414959231
102  0,998245673663106
103  0,998244931740995
104  0,998244189192105
105  0,998243446015642
106  0,998242702210811
107  0,998241957776817
108  0,99824121271286
109  0,998240467018143
110  0,998239720691865
111  0,998238973733224
112  0,998238226141417
113  0,998237477915639
114  0,998236729055086
115  0,998235979558949
116  0,99823522942642
117  0,998234478656689
118  0,998233727248945
119  0,998232975202375
120  0,998232222516166
121  0,998231469189501
122  0,998230715221564
123  0,998229960611537
124  0,998229205358599
125  0,998228449461931
126  0,99822769292071
127  0,998226935734112
128  0,998226177901311
129  0,998225419421482
130  0,998224660293796
131  0,998223900517423
132  0,998223140091533
133  0,998222379015294
134  0,998221617287872
135  0,998220854908432
136  0,998220091876137
137  0,99821932819015
138  0,998218563849631
139  0,998217798853739
140  0,998217033201632
141  0,998216266892466
142  0,998215499925396
143  0,998214732299576
144  0,998213964014157
145  0,99821319506829
146  0,998212425461124
147  0,998211655191806
148  0,998210884259484
149  0,9982101126633
150  0,998209340402399
151  0,998208567475922
152  0,99820779388301
153  0,998207019622801
154  0,998206244694432
155  0,998205469097039
156  0,998204692829757
157  0,998203915891718
158  0,998203138282053
159  0,998202359999893
160  0,998201581044366
161  0,998200801414598
162  0,998200021109714
163  0,998199240128839
164  0,998198458471095
165  0,998197676135602
166  0,99819689312148
167  0,998196109427846
168  0,998195325053817
169  0,998194539998506
170  0,998193754261028
171  0,998192967840494
172  0,998192180736013
173  0,998191392946695
174  0,998190604471645
175  0,99818981530997
176  0,998189025460774
177  0,998188234923157
178  0,998187443696222
179  0,998186651779068
180  0,998185859170791
181  0,998185065870488
182  0,998184271877253
183  0,99818347719018
184  0,998182681808358
185  0,998181885730879
186  0,998181088956829
187  0,998180291485296
188  0,998179493315365
189  0,998178694446118
190  0,998177894876637
191  0,998177094606003
192  0,998176293633293
193  0,998175491957585
194  0,998174689577954
195  0,998173886493473
196  0,998173082703215
197  0,99817227820625
198  0,998171473001646
199  0,99817066708847
200  0,998169860465789
201  0,998169053132665
202  0,998168245088162
203  0,998167436331338
204  0,998166626861254
205  0,998165816676967
206  0,998165005777531
207  0,998164194162002
208  0,99816338182943
209  0,998162568778867
210  0,998161755009362
211  0,998160940519961
212  0,99816012530971
213  0,998159309377653
214  0,998158492722832
215  0,998157675344287
216  0,998156857241057
217  0,99815603841218
218  0,99815521885669
219  0,998154398573621
220  0,998153577562005
221  0,998152755820872
222  0,998151933349251
223  0,998151110146168
224  0,998150286210648
225  0,998149461541715
226  0,99814863613839
227  0,998147809999693
228  0,998146983124642
229  0,998146155512252
230  0,99814532716154
231  0,998144498071517
232  0,998143668241195
233  0,998142837669583
234  0,998142006355688
235  0,998141174298516
236  0,998140341497071
237  0,998139507950356
238  0,99813867365737
239  0,998137838617112
240  0,99813700282858
241  0,998136166290768
242  0,998135329002668
243  0,998134490963274
244  0,998133652171574
245  0,998132812626556
246  0,998131972327207
247  0,998131131272509
248  0,998130289461447
249  0,998129446892999
250  0,998128603566146
251  0,998127759479863
252  0,998126914633126
253  0,998126069024908
254  0,998125222654181
255  0,998124375519913
256  0,998123527621072
257  0,998122678956625
258  0,998121829525535
259  0,998120979326763
260  0,998120128359271
261  0,998119276622016
262  0,998118424113956
263  0,998117570834043
264  0,998116716781231
265  0,998115861954472
266  0,998115006352713
267  0,998114149974901
268  0,998113292819982
269  0,998112434886898
270  0,998111576174591
271  0,998110716682
272  0,998109856408063
273  0,998108995351714
274  0,998108133511888
275  0,998107270887516
276  0,998106407477526
277  0,998105543280849
278  0,998104678296408
279  0,998103812523127
280  0,998102945959929
281  0,998102078605733
282  0,998101210459457
283  0,998100341520017
284  0,998099471786327
285  0,998098601257298
286  0,998097729931842
287  0,998096857808865
288  0,998095984887273
289  0,998095111165972
290  0,998094236643862
291  0,998093361319843
292  0,998092485192814
293  0,99809160826167
294  0,998090730525305
295  0,998089851982611
296  0,998088972632478
297  0,998088092473794
298  0,998087211505445
299  0,998086329726313
300  0,998085447135281
301  0,998084563731229
302  0,998083679513034
303  0,99808279447957
304  0,998081908629713
305  0,998081021962333
306  0,9980801344763
307  0,998079246170479
308  0,998078357043738
309  0,998077467094938
310  0,99807657632294
311  0,998075684726604
312  0,998074792304786
313  0,99807389905634
314  0,998073004980119
315  0,998072110074973
316  0,998071214339751
317  0,998070317773298
318  0,998069420374459
319  0,998068522142075
320  0,998067623074985
321  0,998066723172028
322  0,998065822432038
323  0,998064920853849
324  0,998064018436292
325  0,998063115178195
326  0,998062211078386
327  0,998061306135688
328  0,998060400348924
329  0,998059493716914
330  0,998058586238476
331  0,998057677912425
332  0,998056768737575
333  0,998055858712738
334  0,998054947836721
335  0,998054036108333
336  0,998053123526378
337  0,998052210089657
338  0,998051295796971
339  0,998050380647119
340  0,998049464638894
341  0,998048547771092
342  0,998047630042503
343  0,998046711451916
344  0,998045791998117
345  0,99804487167989
346  0,998043950496019
347  0,998043028445281
348  0,998042105526456
349  0,998041181738317
350  0,998040257079638
351  0,99803933154919
352  0,99803840514574
353  0,998037477868054
354  0,998036549714896
355  0,998035620685027
356  0,998034690777206
357  0,998033759990189
358  0,998032828322732
359  0,998031895773584
360  0,998030962341497
361  0,998030028025217
362  0,998029092823489
363  0,998028156735056
364  0,998027219758656
365  0,998026281893029
366  0,998025343136909
367  0,998024403489029
368  0,998023462948119
369  0,998022521512907
370  0,99802157918212
371  0,99802063595448
372  0,998019691828707
373  0,998018746803521
374  0,998017800877637
375  0,998016854049769
376  0,998015906318628
377  0,998014957682921
378  0,998014008141356
379  0,998013057692635
380  0,998012106335461
381  0,998011154068531
382  0,998010200890541
383  0,998009246800187
384  0,998008291796158
385  0,998007335877143
386  0,998006379041829
387  0,998005421288899
388  0,998004462617034
389  0,998003503024914
390  0,998002542511213
391  0,998001581074607
392  0,998000618713764
393  0,997999655427355
394  0,997998691214045
395  0,997997726072496
396  0,997996760001372
397  0,997995792999328
398  0,997994825065021
399  0,997993856197104
400  0,997992886394228
401  0,99799191565504
402  0,997990943978185
403  0,997989971362306
404  0,997988997806043
405  0,997988023308034
406  0,997987047866912
407  0,997986071481311
408  0,99798509414986
409  0,997984115871185
410  0,99798313664391
411  0,997982156466658
412  0,997981175338047
413  0,997980193256693
414  0,997979210221209
415  0,997978226230207
416  0,997977241282294
417  0,997976255376076
418  0,997975268510155
419  0,997974280683132
420  0,997973291893604
421  0,997972302140164
422  0,997971311421406
423  0,997970319735917
424  0,997969327082285
425  0,997968333459092
426  0,99796733886492
427  0,997966343298346
428  0,997965346757946
429  0,997964349242292
430  0,997963350749954
431  0,997962351279498
432  0,997961350829489
433  0,997960349398488
434  0,997959346985053
435  0,997958343587741
436  0,997957339205103
437  0,997956333835689
438  0,997955327478047
439  0,997954320130722
440  0,997953311792253
441  0,99795230246118
442  0,997951292136039
443  0,997950280815363
444  0,99794926849768
445  0,997948255181518
446  0,997947240865402
447  0,997946225547852
448  0,997945209227387
449  0,997944191902521
450  0,997943173571769
451  0,997942154233638
452  0,997941133886635
453  0,997940112529264
454  0,997939090160026
455  0,997938066777419
456  0,997937042379936
457  0,997936016966071
458  0,99793499053431
459  0,997933963083141
460  0,997932934611046
461  0,997931905116504
462  0,997930874597993
463  0,997929843053985
464  0,997928810482952
465  0,997927776883362
466  0,997926742253678
467  0,997925706592363
468  0,997924669897874
469  0,997923632168668
470  0,997922593403196
471  0,997921553599907
472  0,997920512757248
473  0,997919470873663
474  0,99791842794759
475  0,997917383977466
476  0,997916338961725
477  0,997915292898799
478  0,997914245787113
479  0,997913197625093
480  0,997912148411159
481  0,997911098143729
482  0,997910046821219
483  0,997908994442039
484  0,997907941004599
485  0,997906886507303
486  0,997905830948553
487  0,997904774326748
488  0,997903716640285
489  0,997902657887554
490  0,997901598066945
491  0,997900537176845
492  0,997899475215635
493  0,997898412181695
494  0,997897348073402
495  0,997896282889127
496  0,99789521662724
497  0,997894149286109
498  0,997893080864095
499  0,997892011359559
500  0,997890940770856
501  0,997889869096339
502  0,997888796334359
503  0,997887722483262
504  0,99788664754139
505  0,997885571507083
506  0,997884494378677
507  0,997883416154506
508  0,997882336832899
509  0,99788125641218
510  0,997880174890675
511  0,997879092266701
512  0,997878008538575
513  0,997876923704609
514  0,997875837763111
515  0,997874750712389
516  0,997873662550742
517  0,997872573276471
518  0,99787148288787
519  0,997870391383231
520  0,997869298760843
521  0,997868205018989
522  0,997867110155951
523  0,997866014170007
524  0,99786491705943
525  0,997863818822492
526  0,997862719457459
527  0,997861618962595
528  0,99786051733616
529  0,99785941457641
530  0,997858310681598
531  0,997857205649974
532  0,997856099479782
533  0,997854992169265
534  0,99785388371666
535  0,997852774120204
536  0,997851663378127
537  0,997850551488656
538  0,997849438450015
539  0,997848324260424
540  0,997847208918101
541  0,997846092421256
542  0,997844974768101
543  0,99784385595684
544  0,997842735985674
545  0,997841614852802
546  0,997840492556418
547  0,997839369094713
548  0,997838244465873
549  0,997837118668081
550  0,997835991699516
551  0,997834863558354
552  0,997833734242767
553  0,997832603750922
554  0,997831472080983
555  0,99783033923111
556  0,997829205199461
557  0,997828069984187
558  0,997826933583437
559  0,997825795995356
560  0,997824657218085
561  0,997823517249761
562  0,997822376088518
563  0,997821233732484
564  0,997820090179785
565  0,997818945428542
566  0,997817799476874
567  0,997816652322893
568  0,997815503964709
569  0,997814354400429
570  0,997813203628152
571  0,997812051645979
572  0,997810898452002
573  0,99780974404431
574  0,997808588420991
575  0,997807431580124
576  0,997806273519789
577  0,997805114238059
578  0,997803953733003
579  0,997802792002686
580  0,997801629045171
581  0,997800464858515
582  0,997799299440771
583  0,997798132789987
584  0,99779696490421
585  0,99779579578148
586  0,997794625419833
587  0,997793453817303
588  0,997792280971918
589  0,997791106881701
590  0,997789931544674
591  0,997788754958852
592  0,997787577122247
593  0,997786398032865
594  0,997785217688712
595  0,997784036087785
596  0,997782853228078
597  0,997781669107584
598  0,997780483724287
599  0,997779297076171
600  0,997778109161211
601  0,997776919977382
602  0,997775729522653
603  0,997774537794989
604  0,997773344792349
605  0,997772150512689
606  0,997770954953962
607  0,997769758114115
608  0,997768559991089
609  0,997767360582824
610  0,997766159887254
611  0,997764957902309
612  0,997763754625912
613  0,997762550055986
614  0,997761344190446
615  0,997760137027205
616  0,997758928564169
617  0,997757718799241
618  0,99775650773032
619  0,997755295355299
620  0,997754081672067
621  0,997752866678509
622  0,997751650372506
623  0,997750432751933
624  0,99774921381466
625  0,997747993558555
626  0,997746771981478
627  0,997745549081288
628  0,997744324855836
629  0,99774309930297
630  0,997741872420535
631  0,997740644206367
632  0,997739414658302
633  0,997738183774168
634  0,99773695155179
635  0,997735717988987
636  0,997734483083574
637  0,997733246833362
638  0,997732009236157
639  0,997730770289758
640  0,997729529991962
641  0,99772828834056
642  0,997727045333339
643  0,99772580096808
644  0,997724555242559
645  0,997723308154549
646  0,997722059701816
647  0,997720809882122
648  0,997719558693225
649  0,997718306132877
650  0,997717052198825
651  0,997715796888812
652  0,997714540200576
653  0,997713282131848
654  0,997712022680356
655  0,997710761843824
656  0,997709499619968
657  0,997708236006501
658  0,997706971001131
659  0,99770570460156
660  0,997704436805487
661  0,997703167610602
662  0,997701897014593
663  0,997700625015143
664  0,997699351609929
665  0,997698076796622
666  0,997696800572891
667  0,997695522936395
668  0,997694243884792
669  0,997692963415734
670  0,997691681526865
671  0,997690398215829
672  0,997689113480259
673  0,997687827317786
674  0,997686539726037
675  0,99768525070263
676  0,997683960245181
677  0,997682668351298
678  0,997681375018587
679  0,997680080244645
680  0,997678784027066
681  0,997677486363439
682  0,997676187251345
683  0,997674886688363
684  0,997673584672064
685  0,997672281200014
686  0,997670976269775
687  0,997669669878902
688  0,997668362024947
689  0,997667052705452
690  0,997665741917958
691  0,997664429659998
692  0,9976631159291
693  0,997661800722787
694  0,997660484038576
695  0,997659165873979
696  0,997657846226501
697  0,997656525093644
698  0,9976552024729
699  0,997653878361761
700  0,997652552757708
701  0,997651225658221
702  0,997649897060771
703  0,997648566962823
704  0,997647235361841
705  0,997645902255277
706  0,997644567640582
707  0,997643231515198
708  0,997641893876565
709  0,997640554722112
710  0,997639214049268
711  0,997637871855451
712  0,997636528138077
713  0,997635182894553
714  0,997633836122283
715  0,997632487818664
716  0,997631137981086
717  0,997629786606935
718  0,997628433693589
719  0,997627079238421
720  0,9976257232388
721  0,997624365692085
722  0,997623006595632
723  0,99762164594679
724  0,997620283742903
725  0,997618919981306
726  0,997617554659332
727  0,997616187774304
728  0,997614819323543
729  0,997613449304359
730  0,99761207771406
731  0,997610704549946
732  0,997609329809312
733  0,997607953489444
734  0,997606575587625
735  0,99760519610113
736  0,997603815027229
737  0,997602432363183
738  0,997601048106251
739  0,997599662253682
740  0,99759827480272
741  0,997596885750603
742  0,997595495094563
743  0,997594102831823
744  0,997592708959604
745  0,997591313475116
746  0,997589916375566
747  0,997588517658152
748  0,997587117320069
749  0,9975857153585
750  0,997584311770628
751  0,997582906553625
752  0,997581499704657
753  0,997580091220884
754  0,997578681099461
755  0,997577269337533
756  0,997575855932243
757  0,997574440880722
758  0,997573024180098
759  0,997571605827492
760  0,997570185820017
761  0,997568764154779
762  0,99756734082888
763  0,997565915839413
764  0,997564489183463
765  0,997563060858112
766  0,997561630860431
767  0,997560199187488
768  0,997558765836342
769  0,997557330804044
770  0,997555894087641
771  0,997554455684171
772  0,997553015590666
773  0,99755157380415
774  0,997550130321642
775  0,997548685140151
776  0,997547238256683
777  0,997545789668233
778  0,997544339371791
779  0,997542887364339
780  0,997541433642855
781  0,997539978204304
782  0,997538521045649
783  0,997537062163844
784  0,997535601555835
785  0,997534139218562
786  0,997532675148957
787  0,997531209343947
788  0,997529741800447
789  0,99752827251537
790  0,997526801485618
791  0,997525328708087
792  0,997523854179666
793  0,997522377897236
794  0,997520899857671
795  0,997519420057837
796  0,997517938494593
797  0,99751645516479
798  0,997514970065273
799  0,997513483192878
800  0,997511994544433
801  0,99751050411676
802  0,997509011906674
803  0,997507517910979
804  0,997506022126475
805  0,997504524549953
806  0,997503025178195
807  0,997501524007978
808  0,997500021036068
809  0,997498516259226
810  0,997497009674205
811  0,997495501277749
812  0,997493991066595
813  0,997492479037471
814  0,997490965187099
815  0,997489449512191
816  0,997487932009454
817  0,997486412675583
818  0,99748489150727
819  0,997483368501194
820  0,997481843654029
821  0,997480316962442
822  0,997478788423088
823  0,997477258032619
824  0,997475725787673
825  0,997474191684885
826  0,99747265572088
827  0,997471117892273
828  0,997469578195675
829  0,997468036627684
830  0,997466493184893
831  0,997464947863886
832  0,997463400661239
833  0,997461851573518
834  0,997460300597282
835  0,997458747729082
836  0,99745719296546
837  0,99745563630295
838  0,997454077738076
839  0,997452517267356
840  0,997450954887297
841  0,9974493905944
842  0,997447824385156
843  0,997446256256046
844  0,997444686203546
845  0,997443114224121
846  0,997441540314226
847  0,997439964470311
848  0,997438386688814
849  0,997436806966167
850  0,997435225298791
851  0,997433641683098
852  0,997432056115494
853  0,997430468592373
854  0,997428879110122
855  0,99742728766512
856  0,997425694253733
857  0,997424098872322
858  0,997422501517239
859  0,997420902184824
860  0,99741930087141
861  0,997417697573322
862  0,997416092286872
863  0,997414485008368
864  0,997412875734106
865  0,997411264460371
866  0,997409651183443
867  0,99740803589959
868  0,997406418605072
869  0,997404799296137
870  0,997403177969029
871  0,997401554619977
872  0,997399929245204
873  0,997398301840924
874  0,997396672403337
875  0,99739504092864
876  0,997393407413016
877  0,99739177185264
878  0,997390134243677
879  0,997388494582282
880  0,997386852864602
881  0,997385209086774
882  0,997383563244923
883  0,997381915335168
884  0,997380265353614
885  0,99737861329636
886  0,997376959159494
887  0,997375302939093
888  0,997373644631225
889  0,99737198423195
890  0,997370321737314
891  0,997368657143356
892  0,997366990446104
893  0,997365321641578
894  0,997363650725784
895  0,997361977694722
896  0,997360302544379
897  0,997358625270734
898  0,997356945869753
899  0,997355264337395
900  0,997353580669608
901  0,997351894862327
902  0,99735020691148
903  0,997348516812984
904  0,997346824562744
905  0,997345130156656
906  0,997343433590606
907  0,997341734860467
908  0,997340033962105
909  0,997338330891374
910  0,997336625644115
911  0,997334918216163
912  0,997333208603339
913  0,997331496801454
914  0,997329782806309
915  0,997328066613694
916  0,997326348219388
917  0,997324627619159
918  0,997322904808765
919  0,997321179783952
920  0,997319452540456
921  0,997317723074002
922  0,997315991380304
923  0,997314257455063
924  0,997312521293973
925  0,997310782892714
926  0,997309042246955
927  0,997307299352354
928  0,997305554204559
929  0,997303806799206
930  0,99730205713192
931  0,997300305198313
932  0,997298550993988
933  0,997296794514536
934  0,997295035755536
935  0,997293274712555
936  0,997291511381151
937  0,997289745756868
938  0,997287977835239
939  0,997286207611785
940  0,997284435082019
941  0,997282660241436
942  0,997280883085524
943  0,997279103609759
944  0,997277321809603
945  0,997275537680507
946  0,997273751217912
947  0,997271962417244
948  0,99727017127392
949  0,997268377783343
950  0,997266581940904
951  0,997264783741984
952  0,997262983181949
953  0,997261180256156
954  0,997259374959947
955  0,997257567288653
956  0,997255757237594
957  0,997253944802075
958  0,997252129977391
959  0,997250312758824
960  0,997248493141642
961  0,997246671121104
962  0,997244846692452
963  0,997243019850919
964  0,997241190591724
965  0,997239358910075
966  0,997237524801164
967  0,997235688260173
968  0,997233849282271
969  0,997232007862614
970  0,997230163996344
971  0,997228317678591
972  0,997226468904473
973  0,997224617669094
974  0,997222763967545
975  0,997220907794903
976  0,997219049146235
977  0,997217188016592
978  0,997215324401013
979  0,997213458294523
980  0,997211589692135
981  0,997209718588848
982  0,997207844979646
983  0,997205968859503
984  0,997204090223377
985  0,997202209066214
986  0,997200325382945
987  0,997198439168489
988  0,99719655041775
989  0,997194659125618
990  0,997192765286972
991  0,997190868896674
992  0,997188969949575
993  0,99718706844051
994  0,9971851643643
995  0,997183257715755
996  0,997181348489667
997  0,997179436680817
998  0,997177522283971
999  0,99717560529388
1000  0,997173685705282
1001  0,9971717635129
1002  0,997169838711443
1003  0,997167911295606
1004  0,99716598126007
1005  0,997164048599499
1006  0,997162113308546
1007  0,997160175381848
1008  0,997158234814026
1009  0,997156291599689
1010  0,99715434573343
1011  0,997152397209827
1012  0,997150446023443
1013  0,997148492168828
1014  0,997146535640514
1015  0,997144576433023
1016  0,997142614540856
1017  0,997140649958504
1018  0,99713868268044
1019  0,997136712701123
1020  0,997134740014996
1021  0,997132764616489
1022  0,997130786500014
1023  0,997128805659969
1024  0,997126822090736
1025  0,997124835786683
1026  0,99712284674216
1027  0,997120854951504
1028  0,997118860409036
1029  0,997116863109059
1030  0,997114863045863
1031  0,997112860213721
1032  0,997110854606891
1033  0,997108846219614
1034  0,997106835046115
1035  0,997104821080605
1036  0,997102804317277
1037  0,997100784750309
1038  0,997098762373861
1039  0,99709673718208
1040  0,997094709169093
1041  0,997092678329015
1042  0,99709064465594
1043  0,99708860814395
1044  0,997086568787107
1045  0,997084526579457
1046  0,997082481515032
1047  0,997080433587846
1048  0,997078382791893
1049  0,997076329121156
1050  0,997074272569597
1051  0,997072213131162
1052  0,997070150799781
1053  0,997068085569367
1054  0,997066017433815
1055  0,997063946387002
1056  0,997061872422791
1057  0,997059795535024
1058  0,997057715717529
1059  0,997055632964114
1060  0,997053547268572
1061  0,997051458624676
1062  0,997049367026183
1063  0,997047272466833
1064  0,997045174940346
1065  0,997043074440426
1066  0,997040970960759
1067  0,997038864495013
1068  0,997036755036838
1069  0,997034642579867
1070  0,997032527117712
1071  0,997030408643971
1072  0,997028287152221
1073  0,997026162636021
1074  0,997024035088912
1075  0,997021904504417
1076  0,997019770876042
1077  0,99701763419727
1078  0,997015494461571
1079  0,997013351662391
1080  0,997011205793163
1081  0,997009056847295
1082  0,997006904818181
1083  0,997004749699195
1084  0,99700259148369
1085  0,997000430165002
1086  0,996998265736448
1087  0,996996098191324
1088  0,996993927522909
1089  0,99699175372446
1090  0,996989576789217
1091  0,996987396710401
1092  0,99698521348121
1093  0,996983027094826
1094  0,996980837544409
1095  0,996978644823102
1096  0,996976448924024
1097  0,996974249840278
1098  0,996972047564946
1099  0,996969842091088
1100  0,996967633411746
1101  0,996965421519942
1102  0,996963206408677
1103  0,996960988070931
1104  0,996958766499664
1105  0,996956541687817
1106  0,996954313628309
1107  0,996952082314039
1108  0,996949847737885
1109  0,996947609892703
1110  0,996945368771331
1111  0,996943124366584
1112  0,996940876671257
1113  0,996938625678122
1114  0,996936371379934
1115  0,996934113769421
1116  0,996931852839295
1117  0,996929588582244
1118  0,996927320990935
1119  0,996925050058013
1120  0,996922775776103
1121  0,996920498137806
1122  0,996918217135703
1123  0,996915932762352
1124  0,99691364501029
1125  0,996911353872032
1126  0,99690905934007
1127  0,996906761406875
1128  0,996904460064895
1129  0,996902155306555
1130  0,996899847124259
1131  0,996897535510387
1132  0,996895220457298
1133  0,996892901957328
1134  0,99689058000279
1135  0,996888254585972
1136  0,996885925699143
1137  0,996883593334547
1138  0,996881257484404
1139  0,996878918140913
1140  0,996876575296247
1141  0,996874228942559
1142  0,996871879071975
1143  0,9968695256766
1144  0,996867168748515
1145  0,996864808279777
1146  0,996862444262418
1147  0,996860076688448
1148  0,996857705549852
1149  0,996855330838592
1150  0,996852952546604
1151  0,996850570665801
1152  0,996848185188072
1153  0,996845796105281
1154  0,996843403409267
1155  0,996841007091845
1156  0,996838607144806
1157  0,996836203559915
1158  0,996833796328912
1159  0,996831385443514
1160  0,99682897089541
1161  0,996826552676267
1162  0,996824130777723
1163  0,996821705191395
1164  0,99681927590887
1165  0,996816842921713
1166  0,996814406221462
1167  0,996811965799629
1168  0,996809521647701
1169  0,996807073757138
1170  0,996804622119374
1171  0,996802166725818
1172  0,996799707567853
1173  0,996797244636834
1174  0,996794777924089
1175  0,996792307420923
1176  0,99678983311861
1177  0,996787355008401
1178  0,996784873081518
1179  0,996782387329157
1180  0,996779897742486
1181  0,996777404312646
1182  0,996774907030752
1183  0,996772405887891
1184  0,996769900875121
1185  0,996767391983474
1186  0,996764879203955
1187  0,996762362527539
1188  0,996759841945175
1189  0,996757317447784
1190  0,996754789026256
1191  0,996752256671458
1192  0,996749720374223
1193  0,996747180125359
1194  0,996744635915645
1195  0,996742087735831
1196  0,996739535576638
1197  0,996736979428758
1198  0,996734419282855
1199  0,996731855129563
1200  0,996729286959486
1201  0,996726714763202
1202  0,996724138531254
1203  0,996721558254161
1204  0,99671897392241
1205  0,996716385526456
1206  0,996713793056729
1207  0,996711196503624
1208  0,996708595857508
1209  0,99670599110872
1210  0,996703382247564
1211  0,996700769264317
1212  0,996698152149224
1213  0,996695530892499
1214  0,996692905484327
1215  0,996690275914859
1216  0,996687642174217
1217  0,996685004252492
1218  0,996682362139743
1219  0,996679715825996
1220  0,996677065301248
1221  0,996674410555462
1222  0,996671751578572
1223  0,996669088360476
1224  0,996666420891044
1225  0,996663749160112
1226  0,996661073157481
1227  0,996658392872925
1228  0,996655708296181
1229  0,996653019416954
1230  0,996650326224918
1231  0,996647628709713
1232  0,996644926860944
1233  0,996642220668185
1234  0,996639510120976
1235  0,996636795208824
1236  0,9966340759212
1237  0,996631352247544
1238  0,996628624177261
1239  0,996625891699722
1240  0,996623154804262
1241  0,996620413480185
1242  0,996617667716757
1243  0,996614917503212
1244  0,996612162828749
1245  0,996609403682529
1246  0,996606640053683
1247  0,996603871931303
1248  0,996601099304446
1249  0,996598322162134
1250  0,996595540493355
1251  0,996592754287059
1252  0,996589963532161
1253  0,99658716821754
1254  0,996584368332039
1255  0,996581563864462
1256  0,996578754803581
1257  0,996575941138129
1258  0,996573122856801
1259  0,996570299948257
1260  0,996567472401119
1261  0,996564640203972
1262  0,996561803345363
1263  0,996558961813803
1264  0,996556115597763
1265  0,996553264685678
1266  0,996550409065944
1267  0,996547548726919
1268  0,996544683656923
1269  0,996541813844236
1270  0,996538939277103
1271  0,996536059943726
1272  0,99653317583227
1273  0,996530286930861
1274  0,996527393227585
1275  0,996524494710489
1276  0,99652159136758
1277  0,996518683186825
1278  0,996515770156153
1279  0,996512852263449
1280  0,996509929496562
1281  0,996507001843298
1282  0,996504069291422
1283  0,996501131828661
1284  0,996498189442697
1285  0,996495242121175
1286  0,996492289851696
1287  0,996489332621819
1288  0,996486370419065
1289  0,996483403230908
1290  0,996480431044785
1291  0,996477453848088
1292  0,996474471628166
1293  0,996471484372328
1294  0,996468492067839
1295  0,99646549470192
1296  0,996462492261751
1297  0,996459484734467
1298  0,99645647210716
1299  0,99645345436688
1300  0,996450431500631
1301  0,996447403495373
1302  0,996444370338025
1303  0,996441332015457
1304  0,996438288514498
1305  0,996435239821931
1306  0,996432185924493
1307  0,996429126808879
1308  0,996426062461734
1309  0,996422992869662
1310  0,99641991801922
1311  0,996416837896917
1312  0,996413752489218
1313  0,996410661782541
1314  0,996407565763259
1315  0,996404464417695
1316  0,996401357732129
1317  0,99639824569279
1318  0,996395128285864
1319  0,996392005497485
1320  0,996388877313744
1321  0,99638574372068
1322  0,996382604704285
1323  0,996379460250506
1324  0,996376310345235
1325  0,996373154974322
1326  0,996369994123565
1327  0,996366827778711
1328  0,996363655925461
1329  0,996360478549464
1330  0,996357295636321
1331  0,996354107171582
1332  0,996350913140747
1333  0,996347713529265
1334  0,996344508322536
1335  0,996341297505907
1336  0,996338081064676
1337  0,996334858984086
1338  0,996331631249334
1339  0,996328397845561
1340  0,996325158757857
1341  0,99632191397126
1342  0,996318663470756
1343  0,996315407241278
1344  0,996312145267705
1345  0,996308877534864
1346  0,99630560402753
1347  0,996302324730421
1348  0,996299039628204
1349  0,99629574870549
1350  0,996292451946837
1351  0,996289149336748
1352  0,996285840859671
1353  0,996282526499999
1354  0,996279206242071
1355  0,996275880070168
1356  0,996272547968516
1357  0,996269209921287
1358  0,996265865912595
1359  0,996262515926496
1360  0,996259159946992
1361  0,996255797958028
1362  0,996252429943488
1363  0,996249055887203
1364  0,996245675772943
1365  0,996242289584423
1366  0,996238897305295
1367  0,996235498919158
1368  0,996232094409548
1369  0,996228683759943
1370  0,996225266953763
1371  0,996221843974366
1372  0,996218414805053
1373  0,996214979429062
1374  0,996211537829572
1375  0,996208089989702
1376  0,996204635892507
1377  0,996201175520985
1378  0,996197708858069
1379  0,996194235886632
1380  0,996190756589485
1381  0,996187270949374
1382  0,996183778948986
1383  0,996180280570942
1384  0,996176775797803
1385  0,996173264612063
1386  0,996169746996155
1387  0,996166222932445
1388  0,996162692403238
1389  0,996159155390772
1390  0,99615561187722
1391  0,996152061844692
1392  0,996148505275229
1393  0,996144942150808
1394  0,996141372453341
1395  0,996137796164672
1396  0,996134213266577
1397  0,996130623740768
1398  0,996127027568887
1399  0,99612342473251
1400  0,996119815213143
1401  0,996116198992226
1402  0,996112576051129
1403  0,996108946371153
1404  0,99610530993353
1405  0,996101666719422
1406  0,996098016709922
1407  0,996094359886052
1408  0,996090696228764
1409  0,996087025718938
1410  0,996083348337383
1411  0,996079664064838
1412  0,996075972881967
1413  0,996072274769366
1414  0,996068569707555
1415  0,996064857676982
1416  0,996061138658022
1417  0,996057412630977
1418  0,996053679576074
1419  0,996049939473466
1420  0,996046192303231
1421  0,996042438045373
1422  0,99603867667982
1423  0,996034908186424
1424  0,996031132544962
1425  0,996027349735134
1426  0,996023559736562
1427  0,996019762528793
1428  0,996015958091296
1429  0,99601214640346
1430  0,996008327444599
1431  0,996004501193945
1432  0,996000667630655
1433  0,995996826733803
1434  0,995992978482385
1435  0,995989122855316
1436  0,995985259831433
1437  0,995981389389488
1438  0,995977511508155
1439  0,995973626166025
1440  0,995969733341608
1441  0,99596583301333
1442  0,995961925159535
1443  0,995958009758484
1444  0,995954086788354
1445  0,995950156227238
1446  0,995946218053145
1447  0,995942272243998
1448  0,995938318777637
1449  0,995934357631813
1450  0,995930388784195
1451  0,995926412212361
1452  0,995922427893806
1453  0,995918435805935
1454  0,995914435926067
1455  0,995910428231432
1456  0,995906412699172
1457  0,995902389306339
1458  0,995898358029895
1459  0,995894318846715
1460  0,995890271733581
1461  0,995886216667185
1462  0,995882153624127
1463  0,995878082580917
1464  0,995874003513971
1465  0,995869916399614
1466  0,995865821214078
1467  0,9958617179335
1468  0,995857606533923
1469  0,995853486991299
1470  0,99584935928148
1471  0,995845223380227
1472  0,995841079263202
1473  0,995836926905974
1474  0,995832766284012
1475  0,99582859737269
1476  0,995824420147282
1477  0,995820234582968
1478  0,995816040654824
1479  0,99581183833783
1480  0,995807627606866
1481  0,995803408436712
1482  0,995799180802047
1483  0,995794944677447
1484  0,99579070003739
1485  0,995786446856248
1486  0,995782185108294
1487  0,995777914767695
1488  0,995773635808515
1489  0,995769348204715
1490  0,995765051930148
1491  0,995760746958566
1492  0,995756433263613
1493  0,995752110818826
1494  0,995747779597636
1495  0,995743439573366
1496  0,995739090719232
1497  0,995734733008341
1498  0,99573036641369
1499  0,995725990908168
1500  0,995721606464553
1501  0,995717213055512
1502  0,995712810653601
1503  0,995708399231264
1504  0,995703978760833
1505  0,995699549214527
1506  0,99569511056445
1507  0,995690662782594
1508  0,995686205840834
1509  0,995681739710932
1510  0,995677264364532
1511  0,995672779773163
1512  0,995668285908236
1513  0,995663782741046
1514  0,995659270242765
1515  0,995654748384452
1516  0,995650217137043
1517  0,995645676471354
1518  0,995641126358082
1519  0,9956365667678
1520  0,995631997670961
1521  0,995627419037894
1522  0,995622830838807
1523  0,995618233043781
1524  0,995613625622774
1525  0,995609008545619
1526  0,995604381782023
1527  0,995599745301564
1528  0,995595099073698
1529  0,995590443067748
1530  0,995585777252911
1531  0,995581101598255
1532  0,995576416072717
1533  0,995571720645102
1534  0,995567015284089
1535  0,99556229995822
1536  0,995557574635905
1537  0,995552839285423
1538  0,995548093874917
1539  0,995543338372397
1540  0,995538572745735
1541  0,995533796962669
1542  0,995529010990799
1543  0,995524214797587
1544  0,99551940835036
1545  0,9955145916163
1546  0,995509764562455
1547  0,995504927155728
1548  0,995500079362884
1549  0,995495221150543
1550  0,995490352485186
1551  0,995485473333146
1552  0,995480583660614
1553  0,995475683433636
1554  0,995470772618111
1555  0,995465851179793
1556  0,995460919084287
1557  0,99545597629705
1558  0,995451022783389
1559  0,995446058508465
1560  0,995441083437283
1561  0,995436097534701
1562  0,99543110076542
1563  0,995426093093993
1564  0,995421074484816
1565  0,99541604490213
1566  0,995411004310022
1567  0,995405952672421
1568  0,9954008899531
1569  0,995395816115672
1570  0,995390731123593
1571  0,995385634940157
1572  0,995380527528499
1573  0,995375408851591
1574  0,995370278872243
1575  0,995365137553102
1576  0,99535998485665
1577  0,995354820745204
1578  0,995349645180913
1579  0,995344458125763
1580  0,995339259541568
1581  0,995334049389975
1582  0,995328827632461
1583  0,995323594230331
1584  0,99531834914472
1585  0,995313092336589
1586  0,995307823766726
1587  0,995302543395744
1588  0,99529725118408
1589  0,995291947091996
1590  0,995286631079575
1591  0,995281303106721
1592  0,995275963133159
1593  0,995270611118435
1594  0,995265247021912
1595  0,995259870802769
1596  0,995254482420004
1597  0,995249081832429
1598  0,99524366899867
1599  0,995238243877168
1600  0,995232806426173
1601  0,99522735660375
1602  0,995221894367772
1603  0,99521641967592
1604  0,995210932485686
1605  0,995205432754365
1606  0,995199920439061
1607  0,995194395496681
1608  0,995188857883936
1609  0,99518330755734
1610  0,995177744473207
1611  0,995172168587651
1612  0,995166579856588
1613  0,995160978235728
1614  0,995155363680579
1615  0,995149736146446
1616  0,995144095588427
1617  0,995138441961414
1618  0,995132775220089
1619  0,995127095318928
1620  0,995121402212193
1621  0,995115695853938
1622  0,995109976198002
1623  0,995104243198009
1624  0,99509849680737
1625  0,995092736979278
1626  0,99508696366671
1627  0,99508117682242
1628  0,995075376398947
1629  0,995069562348603
1630  0,995063734623482
1631  0,995057893175449
1632  0,995052037956147
1633  0,99504616891699
1634  0,995040286009167
1635  0,995034389183632
1636  0,995028478391114
1637  0,995022553582105
1638  0,995016614706867
1639  0,995010661715424
1640  0,995004694557567
1641  0,994998713182846
1642  0,994992717540573
1643  0,994986707579819
1644  0,994980683249416
1645  0,994974644497947
1646  0,994968591273755
1647  0,994962523524935
1648  0,994956441199333
1649  0,994950344244547
1650  0,994944232607924
1651  0,994938106236559
1652  0,994931965077292
1653  0,994925809076709
1654  0,994919638181139
1655  0,994913452336651
1656  0,994907251489057
1657  0,994901035583904
1658  0,99489480456648
1659  0,994888558381804
1660  0,994882296974631
1661  0,994876020289449
1662  0,994869728270475
1663  0,994863420861655
1664  0,994857098006662
1665  0,994850759648896
1666  0,99484440573148
1667  0,994838036197258
1668  0,994831650988796
1669  0,99482525004838
1670  0,994818833318009
1671  0,994812400739402
1672  0,994805952253988
1673  0,994799487802911
1674  0,994793007327022
1675  0,994786510766883
1676  0,99477999806276
1677  0,994773469154625
1678  0,994766923982154
1679  0,994760362484723
1680  0,994753784601405
1681  0,994747190270975
1682  0,994740579431899
1683  0,994733952022339
1684  0,994727307980148
1685  0,994720647242868
1686  0,994713969747731
1687  0,994707275431653
1688  0,994700564231234
1689  0,994693836082756
1690  0,994687090922181
1691  0,994680328685149
1692  0,994673549306977
1693  0,994666752722654
1694  0,994659938866841
1695  0,99465310767387
1696  0,994646259077739
1697  0,994639393012113
1698  0,994632509410321
1699  0,99462560820535
1700  0,994618689329849
1701  0,994611752716124
1702  0,994604798296134
1703  0,994597826001492
1704  0,994590835763462
1705  0,994583827512953
1706  0,994576801180524
1707  0,994569756696375
1708  0,994562693990348
1709  0,994555612991923
1710  0,99454851363022
1711  0,994541395833989
1712  0,994534259531616
1713  0,994527104651114
1714  0,994519931120125
1715  0,994512738865913
1716  0,994505527815369
1717  0,994498297895
1718  0,994491049030932
1719  0,994483781148907
1720  0,994476494174277
1721  0,994469188032007
1722  0,994461862646667
1723  0,994454517942434
1724  0,994447153843085
1725  0,994439770271998
1726  0,99443236715215
1727  0,994424944406109
1728  0,994417501956035
1729  0,994410039723681
1730  0,994402557630382
1731  0,994395055597059
1732  0,994387533544214
1733  0,994379991391924
1734  0,994372429059846
1735  0,994364846467207
1736  0,994357243532803
1737  0,994349620174998
1738  0,99434197631172
1739  0,994334311860458
1740  0,994326626738258
1741  0,994318920861722
1742  0,994311194147005
1743  0,994303446509809
1744  0,994295677865384
1745  0,994287888128522
1746  0,994280077213556
1747  0,994272245034355
1748  0,994264391504321
1749  0,99425651653639
1750  0,994248620043021
1751  0,9942407019362
1752  0,994232762127434
1753  0,994224800527747
1754  0,994216817047677
1755  0,994208811597273
1756  0,994200784086095
1757  0,994192734423203
1758  0,994184662517162
1759  0,994176568276031
1760  0,994168451607366
1761  0,994160312418212
1762  0,994152150615103
1763  0,994143966104056
1764  0,994135758790567
1765  0,99412752857961
1766  0,994119275375631
1767  0,994110999082546
1768  0,994102699603736
1769  0,994094376842044
1770  0,994086030699772
1771  0,994077661078676
1772  0,994069267879962
1773  0,994060851004283
1774  0,994052410351735
1775  0,994043945821853
1776  0,994035457313606
1777  0,994026944725397
1778  0,994018407955053
1779  0,994009846899825
1780  0,994001261456384
1781  0,993992651520814
1782  0,993984016988612
1783  0,99397535775468
1784  0,993966673713322
1785  0,993957964758242
1786  0,993949230782535
1787  0,993940471678689
1788  0,993931687338574
1789  0,993922877653444
1790  0,993914042513925
1791  0,99390518181002
1792  0,993896295431095
1793  0,993887383265881
1794  0,993878445202467
1795  0,993869481128296
1796  0,99386049093016
1797  0,993851474494194
1798  0,993842431705873
1799  0,993833362450007
1800  0,993824266610738
1801  0,993815144071529
1802  0,993805994715166
1803  0,99379681842375
1804  0,993787615078691
1805  0,993778384560706
1806  0,99376912674981
1807  0,993759841525314
1808  0,993750528765819
1809  0,993741188349211
1810  0,993731820152654
1811  0,993722424052586
1812  0,993712999924715
1813  0,993703547644013
1814  0,993694067084706
1815  0,993684558120276
1816  0,993675020623449
1817  0,993665454466196
1818  0,993655859519719
1819  0,993646235654452
1820  0,993636582740055
1821  0,993626900645401
1822  0,993617189238581
1823  0,993607448386889
1824  0,993597677956821
1825  0,993587877814067
1826  0,993578047823505
1827  0,993568187849197
1828  0,993558297754378
1829  0,993548377401458
1830  0,993538426652005
1831  0,993528445366749
1832  0,993518433405566
1833  0,993508390627482
1834  0,993498316890657
1835  0,993488212052383
1836  0,993478075969077
1837  0,993467908496276
1838  0,993457709488623
1839  0,993447478799872
1840  0,993437216282869
1841  0,993426921789554
1842  0,993416595170947
1843  0,99340623627715
1844  0,993395844957329
1845  0,993385421059714
1846  0,993374964431591
1847  0,993364474919292
1848  0,993353952368189
1849  0,993343396622687
1850  0,993332807526216
1851  0,993322184921224
1852  0,993311528649167
1853  0,993300838550505
1854  0,99329011446469
1855  0,993279356230162
1856  0,993268563684338
1857  0,993257736663605
1858  0,993246875003313
1859  0,993235978537766
1860  0,99322504710021
1861  0,993214080522833
1862  0,993203078636748
1863  0,99319204127199
1864  0,993180968257503
1865  0,993169859421138
1866  0,993158714589635
1867  0,993147533588622
1868  0,993136316242603
1869  0,993125062374949
1870  0,993113771807888
1871  0,993102444362497
1872  0,993091079858693
1873  0,993079678115223
1874  0,993068238949655
1875  0,993056762178366
1876  0,993045247616536
1877  0,993033695078137
1878  0,993022104375921
1879  0,993010475321412
1880  0,992998807724897
1881  0,992987101395413
1882  0,992975356140739
1883  0,992963571767386
1884  0,992951748080582
1885  0,992939884884268
1886  0,992927981981085
1887  0,992916039172357
1888  0,992904056258093
1889  0,992892033036962
1890  0,992879969306292
1891  0,992867864862055
1892  0,992855719498855
1893  0,992843533009918
1894  0,99283130518708
1895  0,992819035820775
1896  0,992806724700023
1897  0,992794371612421
1898  0,992781976344125
1899  0,992769538679844
1900  0,992757058402825
1901  0,99274453529484
1902  0,992731969136174
1903  0,992719359705615
1904  0,992706706780435
1905  0,992694010136384
1906  0,992681269547673
1907  0,992668484786963
1908  0,992655655625348
1909  0,992642781832345
1910  0,992629863175881
1911  0,992616899422276
1912  0,992603890336232
1913  0,992590835680816
1914  0,992577735217451
1915  0,992564588705894
1916  0,992551395904232
1917  0,992538156568855
1918  0,992524870454452
1919  0,992511537313991
1920  0,992498156898703
1921  0,992484728958071
1922  0,992471253239809
1923  0,992457729489853
1924  0,992444157452339
1925  0,992430536869593
1926  0,992416867482109
1927  0,992403149028538
1928  0,992389381245669
1929  0,992375563868411
1930  0,992361696629782
1931  0,992347779260884
1932  0,992333811490892
1933  0,992319793047037
1934  0,992305723654583
1935  0,992291603036815
1936  0,992277430915018
1937  0,992263207008461
1938  0,992248931034376
1939  0,992234602707943
1940  0,99222022174227
1941  0,992205787848371
1942  0,992191300735154
1943  0,992176760109395
1944  0,992162165675722
1945  0,992147517136594
1946  0,992132814192283
1947  0,992118056540851
1948  0,992103243878132
1949  0,992088375897712
1950  0,992073452290906
1951  0,992058472746737
1952  0,992043436951918
1953  0,992028344590828
1954  0,992013195345487
1955  0,991997988895544
1956  0,991982724918245
1957  0,991967403088413
1958  0,99195202307843
1959  0,991936584558207
1960  0,991921087195167
1961  0,991905530654218
1962  0,99188991459773
1963  0,991874238685512
1964  0,991858502574785
1965  0,991842705920162
1966  0,99182684837362
1967  0,991810929584474
1968  0,991794949199355
1969  0,991778906862181
1970  0,991762802214133
1971  0,99174663489363
1972  0,991730404536298
1973  0,991714110774949
1974  0,991697753239547
1975  0,991681331557187
1976  0,991664845352063
1977  0,991648294245442
1978  0,991631677855634
1979  0,991614995797965
1980  0,991598247684746
1981  0,991581433125245
1982  0,991564551725657
1983  0,991547603089072
1984  0,991530586815446
1985  0,991513502501573
1986  0,991496349741046
1987  0,991479128124235
1988  0,991461837238246
1989  0,991444476666897
1990  0,991427045990676
1991  0,991409544786718
1992  0,991391972628764
1993  0,991374329087129
1994  0,991356613728669
1995  0,991338826116745
1996  0,991320965811188
1997  0,991303032368265
1998  0,99128502534064
1999  0,991266944277339
2000  0,991248788723715
2001  0,991230558221406
2002  0,991212252308303
2003  0,991193870518506
2004  0,99117541238229
2005  0,991156877426064
2006  0,991138265172327
2007  0,991119575139638
2008  0,991100806842565
2009  0,991081959791649
2010  0,991063033493362
2011  0,991044027450062
2012  0,991024941159956
2013  0,99100577411705
2014  0,990986525811109
2015  0,990967195727613
2016  0,990947783347709
2017  0,990928288148169
2018  0,990908709601342
2019  0,990889047175109
2020  0,990869300332832
2021  0,990849468533311
2022  0,990829551230733
2023  0,990809547874622
2024  0,990789457909793
2025  0,990769280776297
2026  0,990749015909373
2027  0,990728662739398
2028  0,99070822069183
2029  0,990687689187157
2030  0,990667067640847
2031  0,990646355463288
2032  0,990625552059738
2033  0,990604656830265
2034  0,990583669169692
2035  0,990562588467543
2036  0,990541414107981
2037  0,99052014546975
2038  0,990498781926116
2039  0,99047732284481
2040  0,990455767587959
2041  0,990434115512033
2042  0,990412365967777
2043  0,99039051830015
2044  0,990368571848258
2045  0,99034652594529
2046  0,990324379918455
2047  0,99030213308891
2048  0,990279784771695
2049  0,990257334275664
2050  0,990234780903416
2051  0,990212123951222
2052  0,990189362708956
2053  0,990166496460019
2054  0,990143524481272
2055  0,990120446042952
2056  0,990097260408606
2057  0,990073966835008
2058  0,990050564572085
2059  0,990027052862834
2060  0,990003430943247
2061  0,989979698042228
2062  0,989955853381511
2063  0,989931896175575
2064  0,989907825631565
2065  0,9898836409492
2066  0,989859341320692
2067  0,989834925930653
2068  0,98981039395601
2069  0,989785744565913
2070  0,989760976921643
2071  0,989736090176519
2072  0,989711083475807
2073  0,989685955956617
2074  0,989660706747815
2075  0,989635334969919
2076  0,989609839735
2077  0,989584220146581
2078  0,989558475299537
2079  0,989532604279987
2080  0,989506606165192
2081  0,989480480023443
2082  0,98945422491396
2083  0,989427839886772
2084  0,989401323982615
2085  0,989374676232812
2086  0,989347895659159
2087  0,989320981273811
2088  0,989293932079159
2089  0,989266747067713
2090  0,989239425221981
2091  0,98921196551434
2092  0,989184366906916
2093  0,989156628351453
2094  0,989128748789185
2095  0,989100727150704
2096  0,989072562355824
2097  0,989044253313454
2098  0,98901579892145
2099  0,988987198066482
2100  0,988958449623891
2101  0,988929552457545
2102  0,988900505419694
2103  0,98887130735082
2104  0,988841957079487
2105  0,98881245342219
2106  0,9887827951832
2107  0,988752981154402
2108  0,988723010115142
2109  0,988692880832059
2110  0,988662592058924
2111  0,988632142536469
2112  0,98860153099222
2113  0,988570756140323
2114  0,988539816681369
2115  0,988508711302216
2116  0,988477438675806
2117  0,988445997460985
2118  0,988414386302312
2119  0,988382603829874
2120  0,988350648659089
2121  0,988318519390512
2122  0,988286214609637
2123  0,988253732886694
2124  0,988221072776442
2125  0,988188232817965
2126  0,988155211534456
2127  0,988122007433001
2128  0,988088619004363
2129  0,988055044722758
2130  0,98802128304563
2131  0,987987332413419
2132  0,98795319124933
2133  0,987918857959091
2134  0,987884330930719
2135  0,987849608534267
2136  0,98781468912158
2137  0,987779571026039
2138  0,987744252562304
2139  0,98770873202605
2140  0,987673007693704
2141  0,98763707782217
2142  0,987600940648556
2143  0,987564594389895
2144  0,987528037242856
2145  0,987491267383457
2146  0,987454282966771
2147  0,987417082126623
2148  0,987379662975287
2149  0,987342023603178
2150  0,987304162078532
2151  0,987266076447088
2152  0,987227764731762
2153  0,987189224932311
2154  0,987150455024999
2155  0,987111452962253
2156  0,98707221667231
2157  0,987032744058863
2158  0,986993033000698
2159  0,986953081351327
2160  0,986912886938609
2161  0,986872447564373
2162  0,986831761004024
2163  0,986790825006153
2164  0,986749637292126
2165  0,986708195555684
2166  0,986666497462518
2167  0,986624540649846
2168  0,986582322725983
2169  0,986539841269895
2170  0,986497093830756
2171  0,986454077927488
2172  0,986410791048295
2173  0,986367230650193
2174  0,986323394158524
2175  0,986279278966464
2176  0,986234882434527
2177  0,986190201890049
2178  0,986145234626674
2179  0,98609997790382
2180  0,986054428946145
2181  0,986008584942993
2182  0,985962443047836
2183  0,985916000377704
2184  0,985869254012605
2185  0,985822200994929
2186  0,985774838328849
2187  0,985727162979702
2188  0,985679171873364
2189  0,98563086189561
2190  0,985582229891463
2191  0,985533272664529
2192  0,985483986976321
2193  0,985434369545567
2194  0,985384417047506
2195  0,985334126113172
2196  0,985283493328661
2197  0,985232515234383
2198  0,985181188324304
2199  0,985129509045163
2200  0,985077473795688
2201  0,985025078925782
2202  0,984972320735702
2203  0,984919195475214
2204  0,984865699342741
2205  0,984811828484483
2206  0,984757578993523
2207  0,984702946908919
2208  0,984647928214772
2209  0,984592518839276
2210  0,984536714653748
2211  0,984480511471642
2212  0,984423905047536
2213  0,984366891076102
2214  0,984309465191054
2215  0,984251622964074
2216  0,984193359903713
2217  0,984134671454269
2218  0,984075552994649
2219  0,984015999837193
2220  0,983956007226485
2221  0,983895570338132
2222  0,983834684277518
2223  0,983773344078532
2224  0,983711544702269
2225  0,983649281035701
2226  0,983586547890317
2227  0,983523340000742
2228  0,983459652023313
2229  0,983395478534633
2230  0,983330814030092
2231  0,98326565292235
2232  0,983199989539791
2233  0,983133818124941
2234  0,983067132832848
2235  0,982999927729433
2236  0,982932196789793
2237  0,982863933896474
2238  0,982795132837699
2239  0,982725787305563
2240  0,982655890894176
2241  0,982585437097775
2242  0,982514419308778
2243  0,982442830815812
2244  0,982370664801673
2245  0,982297914341259
2246  0,982224572399437
2247  0,982150631828875
2248  0,982076085367812
2249  0,982000925637776
2250  0,981925145141257
2251  0,981848736259311
2252  0,981771691249119
2253  0,981694002241475
2254  0,981615661238226
2255  0,981536660109639
2256  0,981456990591711
2257  0,981376644283407
2258  0,981295612643839
2259  0,981213886989365
2260  0,981131458490625
2261  0,981048318169495
2262  0,980964456895977
2263  0,980879865384995
2264  0,980794534193127
2265  0,980708453715242
2266  0,980621614181056
2267  0,980534005651605
2268  0,98044561801562
2269  0,980356440985813
2270  0,980266464095068
2271  0,980175676692532
2272  0,980084067939606
2273  0,979991626805826
2274  0,979898342064647
2275  0,979804202289104
2276  0,979709195847367
2277  0,979613310898175
2278  0,979516535386145
2279  0,979418857036966
2280  0,97932026335245
2281  0,97922074160546
2282  0,979120278834697
2283  0,979018861839345
2284  0,978916477173571
2285  0,978813111140871
2286  0,978708749788265
2287  0,978603378900328
2288  0,978496983993054
2289  0,978389550307556
2290  0,978281062803576
2291  0,978171506152826
2292  0,978060864732136
2293  0,9779491226164
2294  0,977836263571333
2295  0,977722271046009
2296  0,977607128165195
2297  0,977490817721452
2298  0,977373322167016
2299  0,977254623605437
2300  0,97713470378297
2301  0,977013544079724
2302  0,976891125500533
2303  0,976767428665571
2304  0,976642433800671
2305  0,976516120727371
2306  0,976388468852645
2307  0,976259457158328
2308  0,976129064190225
2309  0,975997268046874
2310  0,975864046367979
2311  0,975729376322472
2312  0,975593234596213
2313  0,975455597379305
2314  0,975316440353008
2315  0,975175738676248
2316  0,97503346697169
2317  0,974889599311375
2318  0,974744109201899
2319  0,974596969569108
2320  0,974448152742309
2321  0,974297630437962
2322  0,974145373742842
2323  0,973991353096652
2324  0,973835538274062
2325  0,97367789836615
2326  0,973518401761232
2327  0,973357016125046
2328  0,973193708380273
2329  0,973028444685365
2330  0,972861190412651
2331  0,972691910125705
2332  0,972520567555923
2333  0,972347125578305
2334  0,97217154618639
2335  0,97199379046632
2336  0,971813818569991
2337  0,971631589687264
2338  0,971447062017183
2339  0,971260192738176
2340  0,971070937977184
2341  0,970879252777674
2342  0,970685091066507
2343  0,970488405619581
2344  0,97028914802623
2345  0,970087268652307
2346  0,969882716601901
2347  0,969675439677621
2348  0,969465384339406
2349  0,969252495661771
2350  0,969036717289442
2351  0,968817991391292
2352  0,968596258612521
2353  0,968371458024985
2354  0,968143527075605
2355  0,967912401532761
2356  0,967678015430582
2357  0,96744030101104
2358  0,967199188663747
2359  0,966954606863344
2360  0,966706482104375
2361  0,966454738833537
2362  0,966199299379159
2363  0,965940083877814
2364  0,965677010197903
2365  0,965409993860066
2366  0,965138947954293
2367  0,964863783053551
2368  0,964584407123765
2369  0,964300725429979
2370  0,964012640438518
2371  0,963720051714928
2372  0,96342285581751
2373  0,963120946186222
2374  0,962814213026702
2375  0,962502543189187
2376  0,962185820042049
2377  0,961863923339689
2378  0,961536729084483
2379  0,961204109382489
2380  0,960865932292565
2381  0,960522061668585
2382  0,960172356994353
2383  0,959816673210861
2384  0,959454860535447
2385  0,959086764272451
2386  0,958712224614878
2387  0,958331076436601
2388  0,957943149074566
2389  0,957548266100462
2390  0,957146245081261
2391  0,956736897328001
2392  0,956320027632163
2393  0,955895433988928
2394  0,955462907306563
2395  0,955022231101144
2396  0,954573181175771
2397  0,954115525283361
2398  0,953649022772062
2399  0,953173424212262
2400  0,9526884710041
2401  0,952193894964311
2402  0,951689417891157
2403  0,951174751106123
2404  0,950649594970955
2405  0,95011363837852
2406  0,949566558215882
2407  0,949008018797853
2408  0,948437671269168
2409  0,947855152973311
2410  0,947260086785871
2411  0,946652080410154
2412  0,946030725632631
2413  0,945395597535617
2414  0,944746253664381
2415  0,944082233145719
2416  0,943403055754759
2417  0,942708220926576
2418  0,941997206708909
2419  0,941269468652028
2420  0,940524438631484
2421  0,939761523599173
2422  0,938980104257792
2423  0,938179533653411
2424  0,937359135680473
2425  0,936518203493109
2426  0,935655997816206
2427  0,934771745149135
2428  0,933864635854548
2429  0,932933822124025
2430  0,931978415811775
2431  0,930997486126864
2432  0,929990057173771
2433  0,92895510533023
2434  0,927891556450517
2435  0,926798282881407
2436  0,925674100277048
2437  0,924517764197965
2438  0,923327966478249
2439  0,922103331343819
2440  0,920842411263327
2441  0,9195436825119
2442  0,918205540426458
2443  0,916826294329797
2444  0,915404162098947
2445  0,913937264351618
2446  0,912423618222694
2447  0,910861130700854
2448  0,909247591493414
2449  0,907580665385467
2450  0,905857884057323
2451  0,904076637322209
2452  0,90223416374411
2453  0,900327540593698
2454  0,898353673098451
2455  0,896309282941445
2456  0,894190895961992
2457  0,891994829010437
2458  0,889717175909099
2459  0,887353792471865
2460  0,88490028053639
2461  0,882351970965667
2462  0,879703905580128
2463  0,87695081798793
2464  0,874087113290158
2465  0,871106846649943
2466  0,868003700730708
2467  0,864770962029851
2468  0,861401496161096
2469  0,85788772217291
2470  0,854221586033038
2471  0,850394533462287
2472  0,846397482365923
2473  0,842220795190779
2474  0,83785425163286
2475  0,833287022236538
2476  0,828507643565352
2477  0,823503995788895
2478  0,818263283723384
2479  0,812772022587886
2480  0,807016029996064
2481  0,800980425995844
2482  0,794649643296083
2483  0,788007450177449
2484  0,781036988967891
2485  0,773720833360746
2486  0,76604106824878
2487  0,757979396116024
2488  0,749517274337852
2489  0,740636087944099
2490  0,731317362444814
2491  0,721543021136034
2492  0,711295690816511
2493  0,700559058971308
2494  0,689318284130197
2495  0,677560459212988
2496  0,665275125178179
2497  0,652454829183538
2498  0,639095717793135
2499  0,625198151646395
2500  0,610767323649836
2501  0,595813858460342
2502  0,580354367175213
2503  0,564411928149239
2504  0,54801646313853
2505  0,531204977876296
2506  0,514021637946274
2507  0,496517654503319
2508  0,478750959902478
2509  0,460785660419556
2510  0,442691261711209
2511  0,424541672234887
2512  0,40641400036459
2513  0,388387172267866
2514  0,370540409529485
2515  0,352951617510335
2516  0,335695746555365
2517  0,318843196952739
2518  0,302458343205847
2519  0,286598251975524
2520  0,271311659828068
2521  0,256638261599475
2522  0,242608338994457
2523  0,229242734432065
2524  0,216553150326991
2525  0,204542732211251
2526  0,193206877969135
2527  0,182534206463447
2528  0,172507617162745
2529  0,163105377091985
2530  0,154302180822415
2531  0,146070141294299
2532  0,138379682139862
2533  0,131200314337296
2534  0,124501290475882
2535  0,118252138139691
2536  0,112423079822999
2537  0,106985350558982
2538  0,101911426420531
2539  0,0971751776461766
2540  0,0927519597541047
2541  0,0886186549821932
2542  0,084753675012384
2543  0,0811369344131002
2544  0,0777498027093209
2545  0,0745750415590369
2546  0,0715967322293051
2547  0,0688001974480316
2548  0,0661719207622904
2549  0,0636994657515512
2550  0,0613713968089253
2551  0,0591772026967148
2552  0,0571072236848421
2553  0,0551525827737892
2554  0,0533051212708542
2555  0,0515573388153312
2556  0,0499023378223046
2557  0,0483337722258326
2558  0,0468458003419706
2559  0,0454330416335589
2560  0,0440905371365432
2561  0,0428137132975532
2562  0,0415983489711889
2563  0,0404405453303886
2564  0,0393366984524061
2565  0,0382834743548224
2566  0,0372777862695508
2567  0,0363167739571388
2568  0,0353977848782496
2569  0,0345183570535857
2570  0,0336762034574292
2571  0,0328691978032154
2572  0,0320953615920257
2573  0,0313528523065162
2574  0,0306399526435746
2575  0,0299550606889176
2576  0,0292966809459426
2577  0,0286634161394533
2578  0,02805395972245
2579  0,027467089021047
2580  0,0269016589588117
2581  0,0263565963074661
2582  0,0258308944159857
2583  0,0253236083747418
2584  0,024833850575489
2585  0,0243607866317487
2586  0,0239036316275219
2587  0,0234616466653101
2588  0,0230341356871721
2589  0,0226204425450172
2590  0,0222199482985705
2591  0,0218320687214532
2592  0,0214562519976392
2593  0,0210919765921808
2594  0,0207387492815784
2595  0,0203961033304958
2596  0,0200635968027303
2597  0,0197408109954336
2598  0,0194273489865607
2599  0,0191228342864149
2600  0,0188269095849608
2601  0,0185392355873065
2602  0,0182594899304145
2603  0,0179873661747017
2604  0,017722572864729
2605  0,0174648326536766
2606  0,0172138814867459
2607  0,0169694678390375
2608  0,0167313520038237
2609  0,0164993054274717
2610  0,0162731100875785
2611  0,0160525579111591
2612  0,0158374502299848
2613  0,0156275972703985
2614  0,0154228176751497
2615  0,0152229380549817
2616  0,0150277925678839
2617  0,0148372225240829
2618  0,0146510760149945
2619  0,0144692075644955
2620  0,0142914778009971
2621  0,0141177531489184
2622  0,0139479055382613
2623  0,0137818121310853
2624  0,0136193550637696
2625  0,0134604212040303
2626  0,0133049019217366
2627  0,0131526928726372
2628  0,0130036937941737
2629  0,0128578083126142
2630  0,0127149437607961
2631  0,012575011005815
2632  0,012437